-0.0295, 0
-0.0259851, 1.22322e-07
-0.0228782, 3.50228e-07
-0.0201328, 6.06682e-07
-0.0177077, 8.71885e-07
-0.0155663, 1.14966e-06
-0.0136761, 1.42749e-06
-0.0120083, 1.69244e-06
-0.0105373, 1.94689e-06
-0.00924039, 2.19132e-06
-0.0080975, 2.40886e-06
-0.00709078, 2.60772e-06
-0.00620444, 2.78528e-06
-0.00542445, 2.9401e-06
-0.00473842, 3.10471e-06
-0.00413535, 3.22691e-06
-0.0036055, 3.35692e-06
-0.00314028, 3.45334e-06
-0.00273204, 3.57066e-06
-0.00237405, 3.62552e-06
-0.00206034, 3.70648e-06
-0.00178562, 3.78298e-06
-0.00154525, 3.83323e-06
-0.0013351, 3.88994e-06
-0.00115152, 3.9322e-06
-0.00099131, 3.98424e-06
-0.000851626, 4.039e-06
-0.000729965, 4.03445e-06
-0.00062412, 4.08138e-06
-0.000532144, 4.08636e-06
-0.000452323, 4.1034e-06
-0.000383144, 4.13525e-06
-0.000323278, 4.16343e-06
-0.000271553, 4.15191e-06
-0.000226941, 4.19267e-06
-0.000188536, 4.1949e-06
-0.000155542, 4.20863e-06
-0.000127261, 4.20985e-06
-0.000103082, 4.20968e-06
-8.24654e-05, 4.22184e-06
-6.49415e-05, 4.23742e-06
-5.00978e-05, 4.21517e-06
-3.75733e-05, 4.2273e-06
-2.70528e-05, 4.21873e-06
-1.82606e-05, 4.2414e-06
-1.09564e-05, 4.26409e-06
-4.93037e-06, 4.24203e-06
0, 4.26901e-06
4.93037e-06, 4.25876e-06
1.09564e-05, 4.23019e-06
1.82606e-05, 4.25266e-06
2.70528e-05, 4.24898e-06
3.75733e-05, 4.2378e-06
5.00978e-05, 4.23503e-06
6.49415e-05, 4.23855e-06
8.24654e-05, 4.23764e-06
0.000103082, 4.25178e-06
0.000127261, 4.28344e-06
0.000155542, 4.28361e-06
0.000188536, 4.27895e-06
0.000226941, 4.30106e-06
0.000271553, 4.31471e-06
0.000323278, 4.31626e-06
0.000383144, 4.34718e-06
0.000452323, 4.35431e-06
0.000532144, 4.36855e-06
0.00062412, 4.39803e-06
0.000729965, 4.42618e-06
0.000851626, 4.44622e-06
0.00099131, 4.50583e-06
0.00115152, 4.54576e-06
0.0013351, 4.57852e-06
0.00154525, 4.64285e-06
0.00178562, 4.73884e-06
0.00206034, 4.79762e-06
0.00237405, 4.886e-06
0.00273204, 4.97373e-06
0.00314028, 5.08543e-06
0.0036055, 5.23291e-06
0.00413535, 5.38581e-06
0.00473842, 5.55626e-06
0.00542445, 5.76137e-06
0.00620444, 5.98461e-06
0.00709078, 6.28133e-06
0.0080975, 6.59493e-06
0.00924039, 6.9541e-06
0.0105373, 7.38218e-06
0.0120083, 7.89279e-06
0.0136761, 8.49139e-06
0.0155663, 9.20514e-06
0.0177077, 1.00359e-05
0.0201328, 1.09743e-05
0.0228782, 1.2143e-05
0.0259851, 1.35755e-05
0.0295, 1.52307e-05
