-0.0295, 0
-0.0259851, 1.21932e-07
-0.0228782, 3.50266e-07
-0.0201328, 6.04956e-07
-0.0177077, 8.71995e-07
-0.0155663, 1.15238e-06
-0.0136761, 1.42659e-06
-0.0120083, 1.69454e-06
-0.0105373, 1.94284e-06
-0.00924039, 2.18483e-06
-0.0080975, 2.41087e-06
-0.00709078, 2.58665e-06
-0.00620444, 2.78172e-06
-0.00542445, 2.95762e-06
-0.00473842, 3.10298e-06
-0.00413535, 3.25273e-06
-0.0036055, 3.36334e-06
-0.00314028, 3.44038e-06
-0.00273204, 3.55179e-06
-0.00237405, 3.63436e-06
-0.00206034, 3.72285e-06
-0.00178562, 3.78092e-06
-0.00154525, 3.84249e-06
-0.0013351, 3.89185e-06
-0.00115152, 3.9337e-06
-0.00099131, 3.97299e-06
-0.000851626, 4.02575e-06
-0.000729965, 4.0504e-06
-0.00062412, 4.06453e-06
-0.000532144, 4.09337e-06
-0.000452323, 4.11028e-06
-0.000383144, 4.13938e-06
-0.000323278, 4.1528e-06
-0.000271553, 4.19705e-06
-0.000226941, 4.16074e-06
-0.000188536, 4.16151e-06
-0.000155542, 4.19825e-06
-0.000127261, 4.20581e-06
-0.000103082, 4.21426e-06
-8.24654e-05, 4.2354e-06
-6.49415e-05, 4.22178e-06
-5.00978e-05, 4.23194e-06
-3.75733e-05, 4.22235e-06
-2.70528e-05, 4.21861e-06
-1.82606e-05, 4.22706e-06
-1.09564e-05, 4.22408e-06
-4.93037e-06, 4.22818e-06
0, 4.23106e-06
4.93037e-06, 4.23266e-06
1.09564e-05, 4.22598e-06
1.82606e-05, 4.23199e-06
2.70528e-05, 4.23628e-06
3.75733e-05, 4.25569e-06
5.00978e-05, 4.26958e-06
6.49415e-05, 4.26576e-06
8.24654e-05, 4.27044e-06
0.000103082, 4.25878e-06
0.000127261, 4.24526e-06
0.000155542, 4.28272e-06
0.000188536, 4.2644e-06
0.000226941, 4.29542e-06
0.000271553, 4.30395e-06
0.000323278, 4.32244e-06
0.000383144, 4.33909e-06
0.000452323, 4.36583e-06
0.000532144, 4.36173e-06
0.00062412, 4.38845e-06
0.000729965, 4.42324e-06
0.000851626, 4.45313e-06
0.00099131, 4.48203e-06
0.00115152, 4.53312e-06
0.0013351, 4.57769e-06
0.00154525, 4.64449e-06
0.00178562, 4.70196e-06
0.00206034, 4.77685e-06
0.00237405, 4.8644e-06
0.00273204, 4.96752e-06
0.00314028, 5.06876e-06
0.0036055, 5.19339e-06
0.00413535, 5.37098e-06
0.00473842, 5.56012e-06
0.00542445, 5.74811e-06
0.00620444, 5.99262e-06
0.00709078, 6.26439e-06
0.0080975, 6.60344e-06
0.00924039, 6.95738e-06
0.0105373, 7.44028e-06
0.0120083, 7.92005e-06
0.0136761, 8.53982e-06
0.0155663, 9.2344e-06
0.0177077, 1.0036e-05
0.0201328, 1.09772e-05
0.0228782, 1.20875e-05
0.0259851, 1.34778e-05
0.0295, 1.51511e-05
