-0.0295, 0
-0.0259851, 1.21387e-07
-0.0228782, 3.4823e-07
-0.0201328, 6.04181e-07
-0.0177077, 8.74745e-07
-0.0155663, 1.15452e-06
-0.0136761, 1.42937e-06
-0.0120083, 1.69566e-06
-0.0105373, 1.94595e-06
-0.00924039, 2.18983e-06
-0.0080975, 2.40688e-06
-0.00709078, 2.59471e-06
-0.00620444, 2.76157e-06
-0.00542445, 2.95931e-06
-0.00473842, 3.10896e-06
-0.00413535, 3.23365e-06
-0.0036055, 3.35907e-06
-0.00314028, 3.43775e-06
-0.00273204, 3.56617e-06
-0.00237405, 3.64968e-06
-0.00206034, 3.70729e-06
-0.00178562, 3.7669e-06
-0.00154525, 3.84121e-06
-0.0013351, 3.88662e-06
-0.00115152, 3.927e-06
-0.00099131, 3.97874e-06
-0.000851626, 4.01435e-06
-0.000729965, 4.0359e-06
-0.00062412, 4.07192e-06
-0.000532144, 4.114e-06
-0.000452323, 4.13789e-06
-0.000383144, 4.13593e-06
-0.000323278, 4.14529e-06
-0.000271553, 4.1584e-06
-0.000226941, 4.18902e-06
-0.000188536, 4.19281e-06
-0.000155542, 4.18483e-06
-0.000127261, 4.19352e-06
-0.000103082, 4.2014e-06
-8.24654e-05, 4.1924e-06
-6.49415e-05, 4.20089e-06
-5.00978e-05, 4.21967e-06
-3.75733e-05, 4.23394e-06
-2.70528e-05, 4.22168e-06
-1.82606e-05, 4.23486e-06
-1.09564e-05, 4.22499e-06
-4.93037e-06, 4.23479e-06
0, 4.2488e-06
4.93037e-06, 4.24579e-06
1.09564e-05, 4.25766e-06
1.82606e-05, 4.23427e-06
2.70528e-05, 4.23783e-06
3.75733e-05, 4.24856e-06
5.00978e-05, 4.26414e-06
6.49415e-05, 4.26531e-06
8.24654e-05, 4.25167e-06
0.000103082, 4.26532e-06
0.000127261, 4.28826e-06
0.000155542, 4.28067e-06
0.000188536, 4.28925e-06
0.000226941, 4.29922e-06
0.000271553, 4.30889e-06
0.000323278, 4.32175e-06
0.000383144, 4.31635e-06
0.000452323, 4.34894e-06
0.000532144, 4.38628e-06
0.00062412, 4.3985e-06
0.000729965, 4.44024e-06
0.000851626, 4.45357e-06
0.00099131, 4.46755e-06
0.00115152, 4.534e-06
0.0013351, 4.57462e-06
0.00154525, 4.62826e-06
0.00178562, 4.72748e-06
0.00206034, 4.79014e-06
0.00237405, 4.87563e-06
0.00273204, 4.98076e-06
0.00314028, 5.09201e-06
0.0036055, 5.23015e-06
0.00413535, 5.38112e-06
0.00473842, 5.55888e-06
0.00542445, 5.76005e-06
0.00620444, 6.00188e-06
0.00709078, 6.26694e-06
0.0080975, 6.59245e-06
0.00924039, 6.94752e-06
0.0105373, 7.37705e-06
0.0120083, 7.91162e-06
0.0136761, 8.48155e-06
0.0155663, 9.22268e-06
0.0177077, 9.98836e-06
0.0201328, 1.10035e-05
0.0228782, 1.21334e-05
0.0259851, 1.34979e-05
0.0295, 1.51911e-05
