 k   0.0000000000000000        0.0000000000000000       0.79896943891088190     
  -12.244674269985596     
  -12.244674269985596     
  -11.133362688081526     
  -11.133362688081524     
  -1.1790559254244051     
  -1.1790559254244022     
  -1.1179781336148946     
  -1.1179781336148935     
  1.20287176112503433E-002
  1.20287176112509418E-002
  0.38136964811605806     
  0.38136964811605950     
  0.95197128238874773     
  0.95197128238874862     
   1.4737013689903580     
   1.4737013689903602     
