 k  0.69305000000000005      -0.40013260406187012       0.26632314630362730     
  -11.954508360342142     
  -11.954508360342132     
  -11.596501623531964     
  -11.596501623531957     
  -1.7897040155542001     
  -1.7897040155541972     
  -1.6664079384437895     
  -1.6664079384437880     
 -3.94451889869727387E-002
 -3.94451889869724681E-002
 -2.73302651060692639E-002
 -2.73302651060671475E-002
  0.80224664424002257     
  0.80224664424002334     
  0.91965076023778258     
  0.91965076023778358     
