 k   0.0000000000000000       0.80026520812374025       0.26632314630362730     
  -11.954508360342132     
  -11.954508360342128     
  -11.596501623531966     
  -11.596501623531966     
  -1.7897040155541986     
  -1.7897040155541983     
  -1.6664079384437900     
  -1.6664079384437880     
 -3.94451889869728428E-002
 -3.94451889869723571E-002
 -2.73302651060692951E-002
 -2.73302651060682578E-002
  0.80224664424002190     
  0.80224664424002645     
  0.91965076023778081     
  0.91965076023778380     
