 k -0.69305000000000005      -0.40013260406187012       0.26632314630362730     
  -11.954508360342134     
  -11.954508360342130     
  -11.596501623531966     
  -11.596501623531966     
  -1.7897040155541979     
  -1.7897040155541972     
  -1.6664079384437895     
  -1.6664079384437862     
 -3.94451889869756392E-002
 -3.94451889869720518E-002
 -2.73302651060733648E-002
 -2.73302651060694443E-002
  0.80224664424002223     
  0.80224664424002401     
  0.91965076023778392     
  0.91965076023778525     
